//
//  HistoryRawData.swift
//  BodyDetection
//
//  Created by Yifeng Dong on 13.11.19.
//  Copyright © 2019 Apple. All rights reserved.
//

import Foundation

import RealityKit
import ARKit

enum HistoryRawData {
    static let hist = [
        [simd_float4x4([[1.0, 0.0, 0.0, 0.0],[0.0, 1.0, 0.0, 0.0], [0.0, 0.0, 1.0, 0.0],
 [0.0, 0.0, 0.0, 1.0]]), simd_float4x4([[1.0, -6.214165e-06, -2.6508467e-06, 0.0],
 [6.1915084e-06, 0.9999642, -0.008462972, 0.0],[2.7033423e-06, 0.008462972, 0.9999642, 0.0],
 [-1.9712664e-08, 0.0, 0.0, 1.0]]), simd_float4x4([[0.11953163, -0.9729272, 0.19780049, 0.0],
 [0.12466565, -0.18294382, -0.97518724, 0.0],[0.9849725, 0.14122468, 0.09942293, 0.0],
 [0.10054, -0.02497846, 0.00095838855, 1.0]]), simd_float4x4([[0.21106887, 0.97747123, -1.589671e-05, 0.0],
 [-0.97747123, 0.21106887, 1.3386353e-05, 0.0],[1.6440075e-05, 1.27131325e-05, 1.0, 0.0],
 [0.4211009, 2.3841855e-09, -1.9073484e-08, 1.0]]), simd_float4x4([[0.23939753, -0.9709217, -2.5749828e-06, 0.0],
 [0.9709217, 0.23939753, 5.141825e-07, 0.0],[1.1721363e-07, -2.6232005e-06, 1.0, 0.0],
 [0.4573067, 3.814697e-08, 9.536742e-09, 1.0]]), simd_float4x4([[0.9281525, -0.37220007, 3.2530994e-07, 0.0],
 [0.37220007, 0.9281525, -8.244494e-07, 0.0],[4.9228817e-09, 8.8629514e-07, 1.0, 0.0],
 [0.14903173, 0.0, 2.8610229e-08, 1.0]]), simd_float4x4([[1.0, 8.964978e-09, 2.4759487e-07, 0.0],
 [-8.965113e-09, 1.0, 5.418649e-07, 0.0],[-2.4759487e-07, -5.418649e-07, 1.0, 0.0],
 [0.060660202, 1.5258789e-07, 3.5285947e-07, 1.0]]), simd_float4x4([[-0.06979418, 0.97473234, -0.2121929, 0.0],
 [-0.04253465, 0.20961022, 0.97685945, 0.0],[0.9966543, 0.077204585, 0.026830256, 0.0],
 [-0.10054, -0.024973702, 0.0009588825, 1.0]]), simd_float4x4([[0.21735823, 0.9760919, -6.105267e-06, 0.0],
 [-0.9760919, 0.21735823, 6.400879e-06, 0.0],[7.574876e-06, 4.568018e-06, 1.0, 0.0],
 [-0.4210931, 1.0991934e-08, 0.0, 1.0]]), simd_float4x4([[0.23939735, -0.9709217, 1.6610458e-06, 0.0],
 [0.9709217, 0.23939735, -7.366963e-07, 0.0],
 [3.176243e-07, 1.7891085e-06, 1.0, 0.0],
 [-0.4573066, -3.8146972e-08, 1.0013579e-06, 1.0]]), simd_float4x4([[0.92815256, -0.3722, 3.7210236e-07, 0.0],
 [0.3722, 0.92815256, 1.0298265e-06, 0.0],
 [-7.286692e-07, -8.1733964e-07, 1.0, 0.0],
 [-0.14903165, 3.814697e-08, 0.0, 1.0]]), simd_float4x4([[1.0, 3.0289986e-08, -2.2817434e-10, 0.0],
 [-3.0289986e-08, 1.0, 1.3754347e-06, 0.0],
 [2.28216e-10, -1.3754347e-06, 1.0, 0.0],
 [-0.060659822, 7.629394e-08, 0.0, 1.0]]), simd_float4x4([[-0.013916969, 0.9999032, -9.590387e-05, 0.0],
 [-0.13941178, -0.0018455982, 0.9902329, 0.0],
 [0.9901368, 0.013794363, 0.13942385, 0.0],
 [-1.9777723e-08, 8.673618e-21, -4.336809e-21, 1.0]]), simd_float4x4([[1.0, 5.443399e-10, 1.9983001e-10, 0.0],
 [-5.443399e-10, 1.0, 4.3927653e-09, 0.0],
 [-1.9983001e-10, -4.3927653e-09, 1.0, 0.0],
 [0.05755289, 4.280083e-11, 9.7488746e-11, 1.0]]), simd_float4x4([[1.0, 3.1911354e-10, 1.0103227e-09, 0.0],
 [-3.1911354e-10, 1.0, 2.2994849e-08, 0.0],
 [-1.0103227e-09, -2.2994849e-08, 1.0, 0.0],
 [0.05755288, -6.8058635e-11, 1.02054414e-10, 1.0]]), simd_float4x4([[1.0, -4.0709894e-10, -4.4036445e-11, 0.0],
 [4.0709894e-10, 1.0, -2.9607334e-09, 0.0],
 [4.4036445e-11, 2.9607334e-09, 1.0, 0.0],
 [0.05305421, 1.2787896e-10, 6.033134e-11, 1.0]]), simd_float4x4([[0.99954426, -0.030187218, -0.00017681492, 0.0],
 [0.030187218, 0.99954426, -6.3842776e-07, 0.0],[0.0001767536, -4.6994137e-06, 1.0, 0.0],
 [0.070462696, -0.00022304892, -1.1802539e-06, 1.0]]), simd_float4x4([[0.9901439, 0.1346272, -0.03860785, 0.0],
 [-0.13444462, 0.9908942, 0.007298945, 0.0],[0.03923893, -0.0020363885, 0.99922776, 0.0],
 [0.093840174, 0.00055053417, 3.1293328e-06, 1.0]]), simd_float4x4([[1.0, -4.516703e-09, 1.9741524e-09, 0.0],
 [4.516703e-09, 1.0, 4.8532445e-09, 0.0],
 [-1.9741524e-09, -4.8532445e-09, 1.0, 0.0],
 [0.10708764, 0.0007274676, 4.2712686e-06, 1.0]]), simd_float4x4([[-0.20858276, 0.012577545, 0.97792387, 0.0],
 [-0.094637826, -0.9954845, -0.007382024, 0.0],
 [0.97341514, -0.094088346, 0.20883107, 0.0],
 [0.112204224, -0.005266035, 0.08937618, 1.0]]), simd_float4x4([[0.2336263, 0.28589353, -0.9293459, 0.0],
 [0.19732672, 0.9219657, 0.33322877, 0.0],[0.95209295, -0.26123577, 0.15898103, 0.0],
 [0.14504981, -4.768372e-09, 3.814697e-08, 1.0]]), simd_float4x4([[0.80894065, -0.5878904, 1.6437023e-05, 0.0],
 [0.5878904, 0.80894065, 5.5257433e-06, 0.0],[-1.6545107e-05, 5.19317e-06, 1.0, 0.0],
 [0.26598644, -1.9073488e-08, 0.0, 1.0]]), simd_float4x4([[1.0, -1.4004556e-07, 4.6012545e-09, 0.0],
 [4.600736e-09, -3.695488e-06, -0.99999994, 0.0],[1.4004559e-07, 0.99999994, -3.695488e-06, 0.0],
 [0.26797026, -2.6226042e-08, 1.9073486e-08, 1.0]]), simd_float4x4([[0.9916473, 0.0011657213, -0.12897386, 0.0],
 [-0.0011814977, 0.9999993, -4.5811437e-05, 0.0],
 [0.12897371, 0.00019781111, 0.991648, 0.0],
 [0.024696788, -1.9721983e-05, -0.016809864, 1.0]]), simd_float4x4([[1.0, 1.7254774e-08, -2.342695e-09, 0.0],
 [-1.7254774e-08, 1.0, 3.1119864e-08, 0.0],
 [2.3426954e-09, -3.1119864e-08, 1.0, 0.0],
 [0.080310546, -3.8146975e-08, -3.5762786e-09, 1.0]]), simd_float4x4([[1.0, 1.7254774e-08, -2.342695e-09, 0.0],
 [-1.7254774e-08, 1.0, 3.1119864e-08, 0.0],[2.3426954e-09, -3.1119864e-08, 1.0, 0.0],
 [0.04669218, -3.8146975e-08, -3.5762786e-09, 1.0]]), simd_float4x4([[1.0, 1.7254774e-08, -2.342695e-09, 0.0],
 [-1.7254774e-08, 1.0, 3.1119864e-08, 0.0],[2.3426954e-09, -3.1119864e-08, 1.0, 0.0],
 [0.026147623, 0.0, -1.3113022e-08, 1.0]]), simd_float4x4([[1.0, 1.7254774e-08, -2.342695e-09, 0.0],
 [-1.7254774e-08, 1.0, 3.1119864e-08, 0.0],
 [2.3426954e-09, -3.1119864e-08, 1.0, 0.0],
 [0.018676871, 3.8146975e-08, -3.5762786e-09, 1.0]]), simd_float4x4([[0.99998367, 0.00048879645, 0.005689061, 0.0],
 [-0.000488082, 0.9999999, -0.00012697402, 0.0],[-0.0056891222, 0.00012419521, 0.9999838, 0.0],
 [0.026529431, -1.1787414e-05, -0.004160068, 1.0]]), simd_float4x4([[1.0, 5.155868e-09, 2.4923757e-08, 0.0],
 [-5.1558673e-09, 1.0, -4.0986897e-08, 0.0],
 [-2.4923757e-08, 4.0986897e-08, 1.0, 0.0],
 [0.076014854, 1.9073486e-08, 4.7683715e-09, 1.0]]), simd_float4x4([[1.0, 5.155868e-09, 2.4923757e-08, 0.0],
 [-5.1558673e-09, 1.0, -4.0986897e-08, 0.0],[-2.4923757e-08, 4.0986897e-08, 1.0, 0.0],
 [0.053415842, 0.0, 4.7683715e-09, 1.0]]), simd_float4x4([[1.0, 5.155868e-09, 2.4923757e-08, 0.0],
 [-5.1558673e-09, 1.0, -4.0986897e-08, 0.0],
 [-2.4923757e-08, 4.0986897e-08, 1.0, 0.0],
 [0.03081682, 1.9073486e-08, 1.4305114e-08, 1.0]]), simd_float4x4([[1.0, 5.155868e-09, 2.4923757e-08, 0.0],
 [-5.1558673e-09, 1.0, -4.0986897e-08, 0.0],
 [-2.4923757e-08, 4.0986897e-08, 1.0, 0.0],
 [0.020544555, 0.0, 1.4305114e-08, 1.0]]), simd_float4x4([[0.974535, 0.07025918, 0.21294421, 0.0],
 [-0.068635404, 0.9975288, -0.015017778, 0.0],
 [-0.21347311, 1.9836705e-05, 0.9769489, 0.0],[0.025692271, 0.0029898451, 0.023395168, 1.0]]), simd_float4x4([[1.0, -7.508625e-09, 5.42052e-09, 0.0],
 [7.508625e-09, 1.0, 3.0807545e-08, 0.0], [-5.42052e-09, -3.0807545e-08, 1.0, 0.0],
 [0.06350136, -1.9073488e-08, -4.7683715e-09, 1.0]]), simd_float4x4([[1.0, -7.508625e-09, 5.42052e-09, 0.0],
 [7.508625e-09, 1.0, 3.0807545e-08, 0.0], [-5.42052e-09, -3.0807545e-08, 1.0, 0.0],
 [0.03922143, 0.0, 0.0, 1.0]]), simd_float4x4([[1.0, -7.508625e-09, 5.42052e-09, 0.0],
 [7.508625e-09, 1.0, 3.0807545e-08, 0.0], [-5.42052e-09, -3.0807545e-08, 1.0, 0.0],
 [0.020544557, -1.9073488e-08, 0.0, 1.0]]), simd_float4x4([[1.0, -7.508625e-09, 5.42052e-09, 0.0],
 [7.508625e-09, 1.0, 3.0807545e-08, 0.0], [-5.42052e-09, -3.0807545e-08, 1.0, 0.0],
 [0.018676871, -1.9073488e-08, -4.7683715e-09, 1.0]]), simd_float4x4([[0.9932885, 0.035398275, 0.11011311, 0.0],
 [-0.035174772, 0.99937326, -0.0039722417, 0.0], [-0.11018471, 7.23789e-05, 0.99391115, 0.0],
 [0.026643295, 0.0014884376, 0.008639834, 1.0]]), simd_float4x4([[1.0, -2.1945645e-09, 1.2974461e-08, 0.0],
 [2.1945645e-09, 1.0, 1.2944668e-08, 0.0], [-1.2974461e-08, -1.2944668e-08, 1.0, 0.0],
 [0.06985149, 1.9073486e-08, 0.0, 1.0]]), simd_float4x4([[1.0, -2.1945645e-09, 1.2974461e-08, 0.0],
 [2.1945645e-09, 1.0, 1.2944668e-08, 0.0], [-1.2974461e-08, -1.2944668e-08, 1.0, 0.0],
 [0.049306937, 1.9073486e-08, 4.7683715e-09, 1.0]]), simd_float4x4([[1.0, -2.1945645e-09, 1.2974461e-08, 0.0],
 [2.1945645e-09, 1.0, 1.2944668e-08, 0.0], [-1.2974461e-08, -1.2944668e-08, 1.0, 0.0],
 [0.030816838, -1.9073486e-08, 2.3841857e-09, 1.0]]), simd_float4x4([[1.0, -2.1945645e-09, 1.2974461e-08, 0.0],
 [2.1945645e-09, 1.0, 1.2944668e-08, 0.0], [-1.2974461e-08, -1.2944668e-08, 1.0, 0.0],
 [0.020544555, 1.9073486e-08, 4.7683715e-09, 1.0]]), simd_float4x4([[0.7537501, 0.27344143, -0.59757054, 0.0],
 [0.560868, 0.20620835, 0.8018137, 0.0], [0.34247315, -0.93952537, 0.002065003, 0.0],
 [0.02321824, 0.011245994, -0.01907922, 1.0]]), simd_float4x4([[1.0, 4.041491e-08, -5.019831e-08, 0.0],
 [-4.041491e-08, 1.0, -5.053118e-09, 0.0], [5.019831e-08, 5.0531197e-09, 1.0, 0.0],
 [0.053696003, 3.1518935e-06, 0.0, 1.0]]), simd_float4x4([[1.0, 4.041491e-08, -5.019831e-08, 0.0],
 [-4.041491e-08, 1.0, 2.4749204e-08, 0.0], [5.019831e-08, -2.47492e-08, 1.0, 0.0],
 [0.03838097, 0.0, 1.9073486e-08, 1.0]]), simd_float4x4([[1.0, 1.0612587e-08, -3.109102e-08, 0.0],
 [-1.06125855e-08, 1.0, 6.360685e-08, 0.0], [3.109102e-08, -6.360685e-08, 1.0, 0.0],
 [0.025587313, 4.768371e-09, 0.0, 1.0]]), simd_float4x4([[0.9626917, 0.27060047, 1.3345262e-07, 0.0],
 [-0.27060047, 0.9626917, -3.1623916e-08, 0.0],
 [-1.3703117e-07, -5.668256e-09, 1.0, 0.0],
 [0.13401973, -0.006695326, 1.0443927e-05, 1.0]]), simd_float4x4([[0.9849271, -0.15317863, 0.08034201, 0.0],
 [0.15455735, 0.9879204, -0.011195004, 0.0],
 [-0.07765667, 0.02344371, 0.99670446, 0.0],
 [0.029999966, 1.9073486e-08, 5.960464e-09, 1.0]]), simd_float4x4([[1.0, -1.5637341e-09, 8.924774e-11, 0.0],
 [1.5637341e-09, 1.0, 1.5455276e-08, 0.0],
 [-8.924777e-11, -1.5455276e-08, 1.0, 0.0],
 [0.039999958, 9.536743e-09, 2.3841857e-09, 1.0]]), simd_float4x4([[1.0, -1.745233e-08, 1.8186798e-09, 0.0],
 [1.745233e-08, 1.0, 1.5455276e-08, 0.0],
 [-1.81868e-09, -1.5455276e-08, 1.0, 0.0],
 [0.039999958, 0.0, 0.0, 1.0]]), simd_float4x4([[0.96595937, -0.2585789, -0.0077077732, 0.0],
 [0.2585495, 0.9639973, 0.062139764, 0.0],
 [-0.008637759, -0.06201733, 0.9980377, 0.0],
 [0.04634994, 0.0005390548, 3.2465457e-05, 1.0]]), simd_float4x4([[1.0, 1.2772894e-09, 7.808618e-10, 0.0],
 [-1.2772894e-09, 1.0, -5.0580917e-09, 0.0],
 [-7.808618e-10, 5.0580917e-09, 1.0, 0.0],
 [-0.025000075, 0.005, -2.3841857e-09, 1.0]]), simd_float4x4([[1.0, 1.2772894e-09, 7.808618e-10, 0.0],
 [-1.2772894e-09, 1.0, -5.0580917e-09, 0.0],
 [-7.808618e-10, 5.0580917e-09, 1.0, 0.0],
 [-0.05000015, 0.099999994, -4.7683715e-09, 1.0]]), simd_float4x4([[0.9998479, 0.017441874, 9.415313e-11, 0.0],
 [-0.017441874, 0.9998479, 2.2352505e-11, 0.0],
 [-9.374894e-11, -2.3991312e-11, 1.0, 0.0],
 [0.032610092, 0.086605795, 0.032287274, 1.0]]), simd_float4x4([[1.0, 2.2969786e-09, 9.415312e-11, 0.0],
 [-2.2969786e-09, 1.0, 2.2352342e-11, 0.0],
 [-9.415312e-11, -2.2352342e-11, 1.0, 0.0],
 [-7.6293944e-08, 0.0, 2.9802322e-10, 1.0]]), simd_float4x4([[1.0, 2.2969786e-09, 9.415312e-11, 0.0],
 [-2.2969786e-09, 1.0, 2.2352342e-11, 0.0],
 [-9.415312e-11, -2.2352342e-11, 1.0, 0.0],
 [-7.6293944e-08, 0.0, 2.9802322e-10, 1.0]]), simd_float4x4([[1.0, 2.2969786e-09, 9.415312e-11, 0.0],
 [-2.2969786e-09, 1.0, 2.2352342e-11, 0.0],
 [-9.415312e-11, -2.2352342e-11, 1.0, 0.0],
 [-7.6293944e-08, 0.0, 2.9802322e-10, 1.0]]), simd_float4x4([[0.9998477, 0.01745241, 4.0965384e-10, 0.0],
 [-0.01745241, 0.9998477, -2.2611872e-09, 0.0],
 [-4.490546e-10, 2.2536932e-09, 1.0, 0.0],
 [-1.5258787e-07, 0.11, -4.7683715e-09, 1.0]]), simd_float4x4([[0.9998479, 0.017441874, 9.415313e-11, 0.0],
 [-0.017441874, 0.9998479, 2.2352505e-11, 0.0],
 [-9.374894e-11, -2.3991312e-11, 1.0, 0.0],
 [0.032610092, 0.086605795, -0.03234771, 1.0]]), simd_float4x4([[1.0, 2.2969786e-09, 9.415312e-11, 0.0],
 [-2.2969786e-09, 1.0, 2.2352342e-11, 0.0],
 [-9.415312e-11, -2.2352342e-11, 1.0, 0.0],
 [0.0, 0.0, 0.0, 1.0]]), simd_float4x4([[1.0, 2.2969786e-09, 9.415312e-11, 0.0],
 [-2.2969786e-09, 1.0, 2.2352342e-11, 0.0],
 [-9.415312e-11, -2.2352342e-11, 1.0, 0.0],
 [0.0, 0.0, 0.0, 1.0]]), simd_float4x4([[1.0, 2.2969786e-09, 9.415312e-11, 0.0],
 [-2.2969786e-09, 1.0, 2.2352342e-11, 0.0],
 [-9.415312e-11, -2.2352342e-11, 1.0, 0.0],
 [0.0, 0.0, 0.0, 1.0]]), simd_float4x4([[0.17996961, -0.075636744, 0.98076, 0.0],
 [0.054820463, 0.99626106, 0.06677264, 0.0],
 [-0.9821434, 0.041748665, 0.18344319, 0.0],
 [0.11220394, -0.0052660387, -0.08935528, 1.0]]), simd_float4x4([[0.60457253, 0.108983204, -0.7890594, 0.0],
 [0.5770038, 0.62300086, 0.5281445, 0.0],
 [0.54914355, -0.7745919, 0.31376553, 0.0],
 [-0.1450492, -3.5762786e-09, -3.8146972e-08, 1.0]]), simd_float4x4([[0.71977156, -0.694211, 2.2868278e-05, 0.0],
 [0.694211, 0.71977156, 5.322612e-06, 0.0],
 [-2.0154954e-05, 1.2044346e-05, 1.0, 0.0],
 [-0.26598582, 0.0, 0.0, 1.0]]), simd_float4x4([[1.0, -9.44916e-09, -9.481263e-09, 0.0],
 [-9.48126e-09, 3.5762787e-07, -0.9999999, 0.0],
 [9.449162e-09, 0.9999999, 3.5762787e-07, 0.0],
 [-0.26797065, 0.0, -1.9073484e-08, 1.0]]), simd_float4x4([[0.9906172, 0.0012095902, -0.13666055, 0.0],
 [-0.001242261, 0.9999992, -0.00015378217, 0.0],
 [0.13666025, 0.0003221073, 0.99061793, 0.0],
 [-0.024298685, -3.33786e-05, 0.015345745, 1.0]]), simd_float4x4([[1.0, -7.84681e-09, 3.0594446e-08, 0.0],
 [7.84681e-09, 1.0, -2.6509579e-08, 0.0],
 [-3.0594446e-08, 2.6509579e-08, 1.0, 0.0],
 [-0.08031029, -1.9073488e-07, -1.9073488e-08, 1.0]]), simd_float4x4([[1.0, -7.84681e-09, 3.0594446e-08, 0.0],
 [7.84681e-09, 1.0, -2.6509579e-08, 0.0],
 [-3.0594446e-08, 2.6509579e-08, 1.0, 0.0],
 [-0.046692155, -7.4386605e-07, -1.9073488e-08, 1.0]]), simd_float4x4([[1.0, -7.84681e-09, 3.0594446e-08, 0.0],
 [7.84681e-09, 1.0, -2.6509579e-08, 0.0],
 [-3.0594446e-08, 2.6509579e-08, 1.0, 0.0],
 [-0.026147988, 4.3869022e-07, -9.536744e-08, 1.0]]), simd_float4x4([[1.0, -7.84681e-09, 3.0594446e-08, 0.0],
 [7.84681e-09, 1.0, -2.6509579e-08, 0.0],
 [-3.0594446e-08, 2.6509579e-08, 1.0, 0.0],
 [-0.018676873, 3.051758e-07, 1.9073488e-08, 1.0]]), simd_float4x4([[0.99999774, 0.0005490104, -0.0020662795, 0.0],
 [-0.0005495081, 0.9999998, -0.00024029464, 0.0],
 [0.0020661473, 0.00024142952, 0.99999785, 0.0],
 [-0.026228704, -4.371643e-05, 0.0027105522, 1.0]]), simd_float4x4([[1.0, 7.6702356e-10, 1.9647075e-08, 0.0],
 [-7.670241e-10, 1.0, 2.6716211e-08, 0.0],
 [-1.9647075e-08, -2.6716211e-08, 1.0, 0.0],
 [-0.07601556, -9.536741e-08, -9.536742e-08, 1.0]]), simd_float4x4([[1.0, 7.6702356e-10, 1.9647075e-08, 0.0],
 [-7.670241e-10, 1.0, 2.6716211e-08, 0.0],
 [-1.9647075e-08, -2.6716211e-08, 1.0, 0.0],
 [-0.053415738, 4.577636e-07, 1.9073484e-08, 1.0]]), simd_float4x4([[1.0, 7.6702356e-10, 1.9647075e-08, 0.0],
 [-7.670241e-10, 1.0, 2.6716211e-08, 0.0],
 [-1.9647075e-08, -2.6716211e-08, 1.0, 0.0],
 [-0.030816954, 0.0, 3.814697e-08, 1.0]]), simd_float4x4([[1.0, 7.6702356e-10, 1.9647075e-08, 0.0],
 [-7.670241e-10, 1.0, 2.6716211e-08, 0.0],
 [-1.9647075e-08, -2.6716211e-08, 1.0, 0.0],
 [-0.020544289, 3.2424924e-07, 0.0, 1.0]]), simd_float4x4([[0.97615284, 0.070342235, 0.20537183, 0.0],
 [-0.06881008, 0.9975229, -0.014601934, 0.0],
 [-0.20589024, 0.00012206659, 0.9785751, 0.0],
 [-0.02560597, -0.0030485725, -0.0248501, 1.0]]), simd_float4x4([[1.0, -3.205992e-09, 7.263253e-09, 0.0],
 [3.205992e-09, 1.0, 1.1627831e-08, 0.0],
 [-7.263253e-09, -1.1627831e-08, 1.0, 0.0],
 [-0.06350066, 0.0, -5.7220458e-08, 1.0]]), simd_float4x4([[1.0, -3.205992e-09, 7.263253e-09, 0.0],
 [3.205992e-09, 1.0, 1.1627831e-08, 0.0],
 [-7.263253e-09, -1.1627831e-08, 1.0, 0.0],
 [-0.039221805, 5.5313114e-07, 5.7220458e-08, 1.0]]), simd_float4x4([[1.0, -3.205992e-09, 7.263253e-09, 0.0],
 [3.205992e-09, 1.0, 1.1627831e-08, 0.0],
 [-7.263253e-09, -1.1627831e-08, 1.0, 0.0],
 [-0.020544346, -4.5776372e-07, -3.8146972e-08, 1.0]]), simd_float4x4([[1.0, -3.205992e-09, 7.263253e-09, 0.0],
 [3.205992e-09, 1.0, 1.1627831e-08, 0.0],
 [-7.263253e-09, -1.1627831e-08, 1.0, 0.0],
 [-0.018676566, 1.9073488e-08, -1.14440915e-07, 1.0]]), simd_float4x4([[0.99411047, 0.03547038, 0.10240247, 0.0],
 [-0.035264947, 0.9993707, -0.003816422, 0.0],
 [-0.1024734, 0.00018272782, 0.9947357, 0.0],
 [-0.02644263, -0.0015453909, -0.010087967, 1.0]]), simd_float4x4([[1.0, -6.691539e-10, 1.5029308e-08, 0.0],
 [6.6915334e-10, 1.0, 3.6405623e-08, 0.0],
 [-1.5029308e-08, -3.6405623e-08, 1.0, 0.0],
 [-0.069851205, 2.479553e-07, 1.9073484e-08, 1.0]]), simd_float4x4([[1.0, -6.691539e-10, 1.5029308e-08, 0.0],
 [6.6915334e-10, 1.0, 3.6405623e-08, 0.0],
 [-1.5029308e-08, -3.6405623e-08, 1.0, 0.0],
 [-0.049306262, -7.6293944e-08, 0.0, 1.0]]), simd_float4x4([[1.0, -6.691539e-10, 1.5029308e-08, 0.0],
 [6.6915334e-10, 1.0, 3.6405623e-08, 0.0],
 [-1.5029308e-08, -3.6405623e-08, 1.0, 0.0],
 [-0.030816915, 4.5776366e-07, 1.9073484e-08, 1.0]]), simd_float4x4([[1.0, -6.691539e-10, 1.5029308e-08, 0.0],
 [6.6915334e-10, 1.0, 3.6405623e-08, 0.0],
 [-1.5029308e-08, -3.6405623e-08, 1.0, 0.0],
 [-0.020544937, -6.4849854e-07, 1.9073484e-08, 1.0]]), simd_float4x4([[0.7490766, 0.2734161, -0.6034301, 0.0],
 [0.5670569, 0.20633614, 0.7974158, 0.0],
 [0.3425358, -0.9395047, -0.00048089027, 0.0],
 [-0.022801869, -0.011299323, 0.017604847, 1.0]]), simd_float4x4([[1.0, 2.0003593e-08, -1.6399028e-08, 0.0],
 [-2.0003593e-08, 1.0, 7.741427e-09, 0.0],
 [1.6399028e-08, -7.741427e-09, 1.0, 0.0],
 [-0.053696193, -3.247261e-06, 1.9073485e-07, 1.0]]), simd_float4x4([[1.0, -9.798729e-09, -1.6399028e-08, 0.0],
 [9.798731e-09, 1.0, 6.158838e-08, 0.0],
 [1.6399028e-08, -6.158838e-08, 1.0, 0.0],
 [-0.038380843, 1.1920929e-07, -3.2424927e-07, 1.0]]), simd_float4x4([[1.0, 2.1309323e-09, -4.620135e-08, 0.0],
 [-2.1309297e-09, 1.0, 5.5830686e-08, 0.0],
 [4.620135e-08, -5.5830686e-08, 1.0, 0.0],
 [-0.025587104, -4.0054317e-07, 4.3869017e-07, 1.0]])],
    ]
}
